--------------------------------------------------------------------------------
Command:            ./ecdh
Massif arguments:   (none)
ms_print arguments: massif.out.4840
--------------------------------------------------------------------------------


    KB
15.31^                                                          ..#       ..,.
     |                                              @:...       ::#       ::@:
     |                                              @::::       ::#       ::@:
     |                                   ...@       @::::       ::#       ::@:
     |                                   :::@       @::::       ::#       ::@:
     |                                   :::@       @::::       ::#       ::@:
     |                                   :::@       @::::    .::::#     .:::@:
     |                                   :::@     .:@::::    :::::#     ::::@:
     |                                  ::::@     ::@::::    :::::#    .::::@:
     |                                 .::::@    :::@::::  .@:::::#   .:::::@:
     |                                 :::::@   ::::@:::: .:@:::::#  .::::::@:
     |                                 :::::@  .::::@:::::::@:::::# ::::::::@:
     |                              ,: :::::@ ::::::@:::::::@:::::#:::::::::@:
     |                              @: :::::@ ::::::@:::::::@:::::#:::::::::@:
     |                             :@: :::::@ ::::::@:::::::@:::::#:::::::::@:
     |                            ::@: :::::@:::::::@:::::::@:::::#:::::::::@:
     |                           .::@: :::::@:::::::@:::::::@:::::#:::::::::@:
     |                           :::@: :::::@:::::::@:::::::@:::::#:::::::::@:
     |                           :::@: :::::@:::::::@:::::::@:::::#:::::::::@:
     |                           :::@: :::::@:::::::@:::::::@:::::#:::::::::@:
   0 +----------------------------------------------------------------------->Mi
     0                                                                   47.92

Number of snapshots: 59
 Detailed snapshots: [5, 14, 23, 33, 42 (peak), 55]

--------------------------------------------------------------------------------
  n        time(i)         total(B)   useful-heap(B) extra-heap(B)    stacks(B)
--------------------------------------------------------------------------------
  0              0                0                0             0            0
  1     18,905,684               32               24             8            0
  2     19,407,596            2,912            2,096           816            0
  3     20,033,065            4,128            2,952         1,176            0
  4     20,428,531            4,752            3,408         1,344            0
  5     21,195,983            6,208            4,656         1,552            0
  6     21,838,176            6,264            4,560         1,704            0
  7     22,276,310            6,568            4,752         1,816            0
  8     23,064,293            8,128            6,224         1,904            0
  9     23,638,097            8,584            6,512         2,072            0
 10     24,086,022            9,600            7,212         2,388            0
 11     24,774,853           13,216            9,936         3,280            0
 12     25,500,845           13,216            9,936         3,280            0
 13     26,170,431           13,216            9,936         3,280            0
 14     26,844,995           13,416           10,076         3,340            0
 15     27,361,889            4,224            3,060         1,164            0
 16     28,067,012            5,976            4,188         1,788            0
 17     28,423,387            6,576            4,732         1,844            0
 18     28,978,211            6,904            4,844         2,060            0
 19     29,703,182            8,032            5,772         2,260            0
 20     30,526,831            8,648            6,156         2,492            0
 21     31,258,446           10,168            7,628         2,540            0
 22     31,722,761           10,488            7,820         2,668            0
 23     32,317,249           14,936           11,108         3,828            0
 24     32,815,025           14,936           11,116         3,820            0
 25     33,553,175           14,760           11,004         3,756            0
 26     34,073,277           14,760           11,004         3,756            0
 27     34,514,744           14,760           11,004         3,756            0
 28     34,955,951           14,760           11,004         3,756            0
 29     35,379,279            6,280            4,428         1,852            0
 30     36,154,760            7,272            5,280         1,992            0
 31     36,709,394            7,560            5,392         2,168            0
 32     37,269,915            8,520            6,224         2,296            0
 33     37,707,679            8,808            6,416         2,392            0
 34     38,258,691            9,240            6,704         2,536            0
 35     38,826,065           10,752            8,080         2,672            0
 36     39,208,889           11,040            8,272         2,768            0
 37     40,007,164           11,288            8,440         2,848            0
 38     40,481,879           15,344           11,552         3,792            0
 39     41,142,732           15,344           11,552         3,792            0
 40     41,591,116           15,344           11,552         3,792            0
 41     42,048,010           15,344           11,552         3,792            0
 42     42,492,883           15,680           11,776         3,904            0
 43     43,092,570            6,280            4,428         1,852            0
 44     43,730,307            7,272            5,280         1,992            0
 45     44,314,842            7,560            5,392         2,168            0
 46     44,846,101            8,520            6,224         2,296            0
 47     45,585,434            8,952            6,512         2,440            0
 48     45,997,161            9,240            6,704         2,536            0
 49     46,620,155           10,752            8,080         2,672            0
 50     47,115,577           11,184            8,368         2,816            0
 51     47,675,761           11,288            8,440         2,848            0
 52     48,037,846           15,344           11,552         3,792            0
 53     48,404,254           15,344           11,552         3,792            0
 54     48,775,488           15,344           11,552         3,792            0
 55     49,145,936           15,344           11,552         3,792            0
 56     49,513,880           15,344           11,552         3,792            0
 57     49,872,378           15,344           11,552         3,792            0
 58     50,246,294           15,344           11,552         3,792            0
